4961935000014
4961935000502
4970831429102
4971918261011
4971918261295
4972035087287
4972035088321
4976515603394
4976633011255
4977205001674
4977309041880
8001250110015
8001250130419
4903110382751
4903110387015
4904071403462
4905060010012
4905060010852
4909411069100
4909411069117
4954018127173
4954018128071
4954018131040
4963153132041
4963153415113
4970831430627
4970831438050
4970831453008
4971918269291
4971918269307
4972035093158
2030815000000
4514603409703
4514603409727
4549660627425
4549660699873
4901360342648
4955239007138
4901360343638
4901360344765
4901411111124
4901625314960
4901930084190
4973360236838
4901930084718
4902165556346
4902555140643
4902555164212
4902555262741
4902765000492
4902807342252
4903333235100
4908729108426
4974665082670
4974728600049
4974728600124
4976994206598
4996159803158
9300644703628
4903110342885
4903110342892
4903110349518
4903308032352
4903308037784
4903333206247
4904670123747
4908011709065
4908118350016
4953823100722
4953823102306
4953823102320
4961292806083
4961292890426
4961292890471
4961292895070
4961292895179
4961732407009
4961732641007
4961732661005
4970831427511
4970831428433
4971666409581
4971666409918
4971666411553
4971666511611
4972035087270
4974941001890
4975566800158
4975566800165
4976994720018
4976994720124
4976994720148
4976994720162
6414000060102
8001250001863
9300644704182
4903110349969
4903110370598
4903110372639
4903333299126
4903787169969
4904670149877
4908326108430
4908609116770
4908609118125
4908609119252
4953823388700
4953823585901
4970831428457
4970831428815
4971666511833
4971777296407
4971777296414
4971787834163
4976173104295
4976173104653
4977188184432
4971334206825
4971334207396
4971334209192
4971918357172
4971918357189
4971958022214
4974168300370
4974434900341
4976994206338
4976994206420
4976994206444
4981099500403
4981099502063
8850408005242
8852018201045
8852018301028
8852018301035
4903110291077
4903307608008
4904511004624
4908011703216
4908011703414
4908011703513
4953823095578
4953823098623
4953823100340
4960755085577
4970077101138
4971334209208
4971334209802
4971334209819
4971334209826
4971617015175
4971958052716
4974512201605
4974512402170
4976994206451
4976994206512
4976994206529
4976994206550
4976994206567
4976994206574
4981099700704
4990211001193
4993101210002
9300644703468
4903110301714
4903110313380
4903307608084
4903307608145
4904621011819
4908011706767
4908011706866
4953823100715
4960755085850
4960755087502
4961292806069
4961292806076
4970831423506
4970831425524
4971617050008
4971958052761
4971958901809
4974512402286
4903210725762
4903210725779
4904501213029
4904511001531
4904511001548
4908011601345
4908011700161
4908011700178
4945329115508
4948636010733
4948636013161
4960462780253
4960516201239
4970020024408
4971334204081
4971918356618
4974168100130
4974168108433